196170
247540
086520
277810
950160
036930
240810
028300
058470
039030
141080
000250
298380
087010
319660
222800
440110
403870
347850
095340
080220
214370
108490
084370
310210
178320
067310
145020
214450
095610
319400
214150
005290
064760
226950
131290
031980
357780
290650
237690
263750
131970
089970
010170
257720
032820
098460
043260
420770
183300
089030
068760
082920
035900
140410
218410
058610
083650
140860
030530
007390
0009K0
041510
078600
039200
323280
096530
060370
204270
458870
031330
476830
475830
437730
127120
166090
101490
347700
195940
003380
100790
232140
085660
090710
417200
099320
036540
065350
038500
281740
397030
083450
491000
388210
090360
074600
161580
137400
032500
388720
189300
056190
115180
466100
213420
328130
086450
122640
122870
036830
445680
048410
356860
376900
033100
358570
490470
293490
014620
019210
252990
053610
035760
094170
222080
241710
160190
046890
126340
023160
050890
456160
032190
295310
052020
102710
033640
476060
356680
253450
121600
006730
041830
348370
059090
439960
171090
027360
044490
041960
052400
033790
102940
383310
056080
053800
174900
124500
036810
093320
037460
086900
033160
225570
365340
033500
082270
389470
425420
009520
336570
077360
064290
067160
060250
112040
272290
330860
253590
399720
278280
104830
368770
015750
230360
475960
376300
045100
327260
170920
372320
089890
348340
486990
348210
211050
034950
460930
241770
214430
035890
101160
025320
099190
030520
199800
340570
089010
251970
042000
482630
168360
025980
039440
078130
024850
200710
047920
041190
018290
219130
079940
215200
067630
200470
290550
060280
114810
036620
013030
095660
069080
287840
448900
006910
078350
042520
110990
160980
078160
393890
052710
389650
025900
101930
003800
493280
064260
138080
092190
125490
215600
078020
204620
424870
119850
468530
206650
107640
243070
376270
144960
455900
394280
265520
0011T0
084110
080580
187660
117730
049070
200670
079370
290690
036890
484590
064850
098070
254490
425040
389500
091700
236200
078340
036200
085910
228760
064820
136480
456010
417840
065680
352480
069540
332570
304360
035810
234340
025770
441270
023410
314930
365270
309710
230240
095500
317330
182400
046970
043150
099430
092870
094360
086390
452430
089980
203650
092730
452280
051500
035600
061970
121800
488900
378340
092460
445090
159010
054950
377460
036800
042370
060720
019010
950170
477850
241520
450950
267980
215000
475400
101730
272110
053030
151860
043370
017890
144510
200130
472850
018000
394420
041920
051360
220100
419530
298830
0008Z0
114190
065710
078150
014940
0001A0
389260
036710
112290
194700
494120
355150
354320
067390
900290
308430
180400
461300
206640
091580
357550
023760
217730
036030
011560
073490
0082N0
382900
448280
439090
108860
353810
380540
065660
322310
084850
251370
058970
100120
098120
394800
005710
036170
093520
045390
416180
187870
314130
040350
318060
115450
018310
094480
338840
052330
039830
046120
459510
138610
243840
084990
294570
012860
099440
068930
013120
121440
036190
054210
199820
032580
016790
125020
126600
094820
0015G0
307180
176750
190510
067080
123860
462350
012210
192440
053300
119830
119610
036560
388790
464080
481070
256840
034810
051370
474650
049630
484120
242040
122990
214180
049430
064550
066620
149950
389020
237880
194480
446540
039840
083310
216080
451760
083930
024840
274090
0088M0
478340
245620
061090
082800
304100
382800
126640
042420
143240
092130
950140
255220
138360
079650
092070
054450
457550
432720
108380
484810
123330
066410
046070
357880
071200
126700
402490
088800
405100
038390
080160
102120
086820
377450
418550
007330
371950
093190
462860
024060
489500
143160
101360
079960
402030
146320
126730
372170
032620
086670
072870
048550
011040
023910
388050
046440
488280
270660
067290
264450
048870
024800
334970
403850
105330
041020
163730
106190
078070
049960
123410
101970
109740
418420
104480
118990
445180
039860
199430
005990
037350
474170
452450
054800
060150
042600
140670
179290
056090
058820
211270
232680
234690
049720
320000
264850
0007C0
147830
308080
067280
023600
226590
361390
114840
086890
115500
269620
198440
311320
260970
285490
293580
458650
086980
038290
267320
321550
413630
380550
259630
001540
204610
069510
306620
005160
264660
036690
047310
469610
297890
282880
073010
293780
220260
136540
067900
083500
003100
408920
080420
053080
032940
950190
092040
041440
322510
289080
331920
222040
036010
051980
307750
289930
017510
039560
142210
166480
122450
095700
041590
209640
108230
013990
473980
090850
366030
095190
125210
066430
187790
299030
0017J0
067990
256940
049520
217270
089600
038540
094840
263860
417010
148150
037030
417500
021080
297090
115310
158430
018120
027710
321370
339950
093640
047770
037070
333430
053260
006620
475580
453450
054050
474610
340450
336680
235980
063570
300080
101170
053700
240550
030960
073560
205500
059120
221800
0011A0
310200
013310
009780
021320
338220
051160
323990
052260
123040
156100
131030
039340
475430
452190
054540
246720
330350
205100
008830
041520
141000
068790
111710
040300
071280
149980
066790
059210
290740
040160
451220
475230
068240
096240
120240
322180
228850
212560
309960
088130
100700
044990
074430
054920
066980
035610
255440
217820
104460
352090
002230
396470
115440
246710
396300
065450
365330
263720
049950
172670
182360
086960
337930
396270
307930
025950
052900
250060
382840
096250
109610
389030
203690
078890
950250
282720
192410
005860
040420
023900
032300
047820
042500
493330
035080
317770
047560
362320
072020
004650
456070
203400
238090
000440
029480
173130
014950
331740
265740
099750
085670
357230
290720
093920
100130
0004V0
136150
226400
298540
215100
457370
062970
049080
323350
091440
024830
038110
049180
381620
183490
234030
489460
033290
419050
223250
107600
418470
037760
360070
487580
0117P0
036220
214680
086710
130580
357580
175250
009300
179900
950130
412540
078140
129920
042510
302550
290660
330730
212710
222160
131400
045970
303810
071670
043650
090470
011370
043610
307870
162300
024880
048530
054670
004590
101330
234300
451250
0015S0
083790
189330
131370
900260
089230
066310
058630
059270
063170
036090
063080
066700
053580
053280
054040
066590
019540
067370
102370
065510
058400
225530
389140
217330
251630
019550
017650
347890
011320
348350
377480
036640
443670
208370
012700
036000
041930
478560
052860
170030
417970
463020
142280
060590
464490
124560
388870
040910
234920
017480
299660
105740
067170
214260
263800
261780
251120
052420
0007J0
039980
094860
067570
067000
091590
020710
382480
171120
294630
460940
091120
208140
073640
110790
088390
024740
265560
026150
288180
277880
196490
079810
084730
014970
054620
061040
253840
117670
228670
424960
006140
217190
187420
332370
225190
032540
045660
033130
413390
126880
101670
100590
128660
439580
072950
373200
412350
041460
411080
088910
109860
432470
476040
453860
443250
096350
168330
153710
204840
061250
241690
046210
417790
033340
201490
060310
043710
0015N0
002800
408470
080010
032850
370090
048430
348150
036630
039010
081150
246690
001840
038460
294090
222110
340360
033560
459100
041910
099220
044340
137950
038680
010240
294140
010280
089850
273640
006920
014470
049480
039610
448710
302430
012790
123010
214270
216050
060570
004780
347860
005670
076610
008370
317830
084650
065170
140070
049550
064800
097800
123420
175140
099520
347000
094850
092300
003310
039420
311690
039020
104620
025550
215360
137080
081180
321260
007820
088280
036670
064240
053050
056360
048910
185490
463480
136410
053160
391710
299170
191420
033320
100660
033230
205470
340930
016250
262260
263690
065530
053620
333620
039240
217480
010470
155650
263600
037440
100030
452400
384470
024910
079000
067920
019990
082850
053450
104540
027830
246960
046940
145170
286750
036120
095270
094940
053350
331380
241790
355690
446840
179530
042110
347740
096610
318160
109080
192250
038010
317850
163280
048770
045340
007370
471820
217500
170790
054930
303360
461030
0013V0
027050
393970
229000
222420
134580
378800
900250
435570
060560
317690
053270
315640
040610
260930
352910
460470
199550
950200
122310
050960
256630
007680
278650
063440
273060
033310
228340
072990
082660
066670
057540
143540
418250
073110
382150
147760
053980
190650
023440
198080
015710
440290
950220
054300
089790
051390
424980
082210
215790
291650
099410
479960
314140
033540
072470
052790
094970
070300
065440
042940
068330
065130
052220
007530
056700
037950
288330
219550
189690
177900
238120
373160
452200
159580
290670
196300
104200
014190
219420
321820
261520
016600
317530
361570
413640
037230
178780
153460
277070
305090
360350
276730
104040
060850
189860
189980
348080
122350
317870
038070
140520
066130
420570
050860
369370
466410
002290
129890
025880
065500
037330
258610
033830
263810
224110
064090
066900
393210
432430
095910
226330
097870
038060
299900
263770
221980
263020
033170
307280
297570
376290
288620
127710
450330
207760
250000
049830
171010
032960
460870
237820
0010V0
024950
123570
408900
127980
052460
086060
256150
050120
290120
419120
215380
219750
332290
044960
051490
260660
417860
444530
203450
122690
044480
261200
355390
020180
114450
263700
064520
045060
035460
465480
105760
352700
284620
043340
270870
150900
198940
090410
001000
068940
220180
376930
025440
206400
419080
026910
263050
019770
218150
057030
014570
069410
204020
128540
064480
173940
234100
105550
271830
049470
071850
452160
083550
081580
227950
024120
459550
221840
066360
101240
184230
148250
059100
066910
089140
052600
458350
086040
043910
452300
022220
096630
200780
239890
340810
290090
133750
196450
464280
087600
311390
053950
186230
351330
364950
114630
021650
089150
318410
058110
046310
013720
359090
335810
075130
199480
475460
026040
159910
476080
258830
103840
900070
038950
075970
080520
363250
169330
032790
277410
469750
187270
088340
119500
407400
215090
387570
457600
246250
007720
365590
153490
072770
109820
351320
296640
232830
065950
160550
262840
263920
060540
148930
340440
068050
373170
039290
257370
239610
056730
021880
208860
012620
073540
434480
206560
097780
403490
031310
019570
289220
336060
388610
038620
464580
208710
177830
034940
310870
031510
376180
464500
008470
0010F0
450520
045300
046390
099390
121890
197140
429270
043220
057680
195500
430690
043200
131090
900300
318000
187220
033200
047080
054780
130500
475660
146060
318010
131220
290560
109960
363260
017000
048470
288980
037370
317240
397810
106240
432980
200230
091340
035200
068100
356890
237750
462510
027040
238490
038880
462310
050110
033050
267790
045510
318020
019660
058450
060380
007770
063760
300120
013810
290270
333050
078590
398120
032750
080530
018680
016920
406820
290520
900310
252500
351870
455180
195990
241840
115160
335870
032860
079170
049120
051380
039740
123750
065150
254120
298060
001810
044780
353190
131180
462980
438700
347770
032080
317120
131100
069140
053060
348030
036480
353590
210120
065370
115480
070590
054090
440320
093380
367000
383930
096690
352940
038870
016670
142760
208350
052300
377330
080720
073570
405920
065650
090150
032800
188260
274400
067010
373110
139670
134060
091970
023790
223310
200350
017250
238200
021040
098660
024940
023770
376980
215480
424760
067730
138070
900340
053290
045520
130740
101000
080470
038530
115570
083640
188040
342870
372800
225220
354200
154030
006050
051780
304840
043360
020400
214610
014100
083470
054940
303530
224060
078860
415380
140430
031860
328380
306040
365900
222980
054220
042040
016100
076080
037400
060900
291230
900270
060260
258790
192390
226340
225590
123840
069330
065060
088290
039310
193250
103230
050760
331520
084440
101400
431190
131760
113810
101680
418620
236810
032280
377220
096870
482680
208640
060230
241820
085810
477380
301300
303030
115610
060480
227610
109670
275630
344860
362990
083660
0072Z0
148780
110020
279600
054410
065690
239340
0101C0
032680
0130H0
469880
477340
030350
389680
027580
0044K0
270520
900110
405000
368600
0115H0
900120
240600
196700
417180
473050
322780
035620
247660
419540
285800
0165X0
479880
478440
065770
0099W0
309930
377030
361670
067770
048830
352770
079950
154040
489480
244460
0134X0
028080
043590
481890
0096B0
137940
009730
018620
0097F0
0099X0
199730
489730
289010
065420
0093G0
115530
054180
308100
0037T0
471050
478390
0054V0
492220
0131D0
0088D0
191410
482520
065570
0091W0
0041L0
002680
477760
092600
0132G0
250930
900100
177350
469900
482690
0071M0
011080
060240
477470
079190
487360
312610
474660
0105P0
474490
496070
0129K0
0096D0
009620
0098T0
486630
050090
291810
0004Y0
493790
0130D0
489210
043100
035290
0041B0
466690
478110
087260
018700
498390
073190
225430
472220
012340
084180
488060
106080
008290
025870
069920
484130
473950
469480
487830
467930
465320
468760
472230
0068Y0
487720
368970
0041J0
121850
03481K
079970
475250
474930
276040
473000
475240
044180
313760
043090
052770
021045
032685
101390
106520
032980
227100
